3017760826174
3017760314190
5410041424805
3017760515290
7622210449283
3175680011534
5410041040807
3175680011480
8410000810004
3229820100234
3017760000109
5410041005707
3017760314091
3017760010009
3023470001015
3061990140654
3229820130231
7622210245281
3017760005302
3017760314893
3017760756198
5410041010800
3017760601498
3116430059772
3017760002073
3175681851863
3175681077324
3229820181950
3056440070896
3175681066632
3175680011442
7622210601988
3178530405781
3251491787810
3251490307002
3017760619998
8000500142035
3061990140661
3027030004386
3061990141354
3178530402995
7622300788094
3251490304001
3017760004343
3017760656092
3017760000062
5000183510520
7622210421968
3017760038409
3017760306492
3175681103849
3017760492096
3596710347063
3175681851849
3245413458513
7622210234124
3178530403022
3251490332080
5410126004021
3251490320001
3017760307499
3178530404241
3017760030106
7622210100917
3760122961708
3175681790285
3056440031798
7622300689124
3017760686792
3017760819121
3017760512794
3178530404197
3041090061646
3017760635295
5000168185132
3175681072916
3175681851856
3175681014800
3229820021027
3760122961715
7622300503079
3017760544795
3263852914117
3175681116832
5410126006025
3023470010017
5410041161700
3564707080965
3229820004334
3017760472890
3178530402681
7622210444141
3270190127871
3056440031699
3251491787803
7622210422026
3175680905383
3061990138033
7622210337115
3178530408393
3229820786513
3760122961326
3270190128519
3116430208934
7622300489427
3041090061639
3564707083553
7622210476104
3229820021003
3178530408386
7622210444097
7622210444127
3023470020016
3175681797420
3178530407396
7622300742669
3178530402988
3560070048786
8000500223321
20081232
5050083779367
5410126006513
3056440032696
7622210276353
3175681121201
3017760803991
3017760595193
3017760021524
5000168152639
3175681060494
3178530402971
3178530402674
3061990141101
3017760038331
3017760329798
7622300746742
3229820783673
3178530411904
5410126806052
3229820791074
3175681845961
5410041423600
3056440070094
3175680012937
3175681039599
0072417152924
3178530409833
5410041425000
7622210476241
3017760791892
3017760756297
4017100499715
3061990141361
7622210275844
7622210450029
3263852914216
3175680013231
3175681116863
3173289101090
0014100096979
3229820789880
3175681026766
3178530409659
3564707000017
3229820134703
3175681134935
3178530404203
3560070048816
7622210988034
3229820181738
3229820783659
3017760686693
3175681103870
3175681059559
20022297
0066721000880
3116430057938
7622210449313
3229820789149
3175681060524
3178530407389
3564707083577
5900951251818
3061990141132
7622300786939
7622300788155
3017760038706
3478820036719
3760020503994
3045320057294
3175681123014
3175681060586
3564700471340
7622210245342
3017760654098
3760122961951
5050083779398
3178530407563
3431410001023
3560070678051
3560070439881
5410041424904
3061990141668
3061990141323
7622210450098
3478820091145
3760020502218
20396145
3175681103900
3564707083751
7622300292508
7622210995995
3229820189413
3017760000505
3017760851466
3088864620050
3268350120183
8076809517706
20213695
3560070744831
3245414263048
3056440086392
3116430208194
7622300489434
3229820789118
3229820780931
20093709
5000183093030
3175681135864
3175681134904
3245413922465
5410041376609
3056440850283
3229820159768
3760151011429
3270190178866
3041090061684
3178530409673
3564700438251
3061990139740
7622300356767
7622210998613
3229820189444
3800020433034
3017760589895
3760151011047
3270190114055
3229820792842
3560070227556
3564700000694
3564700009628
5410126004113
5410041182903
3061990113306
7622210397782
7622210245380
3229820787442
3472860001058
3760122961999
3396410102913
3175681771772
3175681118911
3178530407372
5410041371000
3056440212494
7622300782443
7622210255198
7622210255068
3229820189437
3256220210102
3256220212052
3017760002905
3760084210159
3760020506841
20212230
20213671
3175680018939
3175681064799
3175681054691
3178530405804
3178530409840
3564700009574
3564707109888
5410126006049
5410126006230
5410041423808
7622300665975
3268350120558
20093716
3175681105423
3175681116894
3175681116924
3178530404678
3175681188358
3560070407385
3560070342259
3564707111546
3056440031736
7622210469380
7622210469403
7622210400574
3222472767947
3254560035904
3017760755597
5000168152615
20706999
20147426
20212223
3175681114357
3560070712519
3560070212682
3560070955589
3560070324118
3564700000755
3564700009604
3564700009512
3564707083799
20147433
3061990139801
3061990141118
7617400031003
7622210998590
1701246860005
3017760710695
3017760628198
3270190182160
3263852666610
3268350120534
4017100257117
20381523
3175681135925
3175681072084
3175681160361
7622210987464
3175681845091
3560070765430
3564700000656
3245413812216
5410041425307
0014100097037
3116430209443
3061990141408
3061990141767
3250391737109
3256220368230
3256220280204
3017760268196
8710416111109
5000183093023
3760122961203
20211141
4017100376108
4017100256417
8480017404138
20213688
8076809507172
3175681155619
3178530402698
3178530408249
3178530411577
3760122961197
3178530409857
3560070238750
3564707081825
3564700224915
3564700668740
84100733
0072417146831
7622210606921
7622210476272
3229820764443
3250391120901
3017760314992
3017760002035
3017760038584
3017760542791
5000396039900
3760020503628
3760122960121
3270190006428
5053827155472
3175681797437
3175681124301
3177710126133
0044000032586
3560070766079
3560070510108
3560070682683
3564700530078
3564700000649
3564707104609
3564700432570
3245411443566
5410041196504
0014100097006
3061990139788
7617400030716
7622300538255
7622210317728
3229820789897
20089986
3350031862465
3250390112624
7291647867788
3596710356089
3760005025176
3456300009484
3168930014102
3263852922112
3263852913714
3268350120145
0694990008506
3175681120648
3175681104853
3178530409826
3116430209641
20713621
3560070421428
3560070411917
3560070481347
3560070649204
3560070669349
3564700009505
3564700000717
3564700564479
3564700438244
3245414146440
3245390084453
5410041415605
20443627
0428041425208
3116430059765
3061990141675
3061990141125
7622210444936
3229820021010
3350033118065
3350031902321
3350031618154
3250390009092
3250390109174
3250391120871
3251340202105
3256221407150
3256220368223
3256220280198
3256225050901
3660140805650
3596710307289
2918677291831
3760020507824
3760151013287
3760122961722
3760121210531
3263852925311
3263852916814
5053827146111
5050083714429
3175681121232
3175681854444
3431410131003
7612100063507
4017100283819
3116430210166
3023470001084
3560070108589
3560070744770
3560070759262
3560070477197
3564700000762
3564707083805
3564709007236
3564709005157
3245413922403
3245411756789
5410041337204
80418085
3116430210128
7622210144300
7622210402356
3229820781112
3222472195092
3222471962565
3350033118058
3350031902369
3250390471110
3259426022227
3256220211222
3256220210393
3256220179805
3017760000406
3017760221597
3596710309009
3760005450190
3760151012822
3760122966208
3760122961289
3760121211095
3760121210524
3396410213664
3450970006446
20132170
3535800740001
3270190173366
3263852912410
3281322051001
8076809500302
4002899563105
3175681157576
7622210476135
7622210476227
3175680905376
3596710348503
3560070242016
3560070649266
3564700000663
3564700000670
3564700004449
3564707083812
3564700431191
3245414104730
3245413154255
3245390084422
3245390021861
5410126004052
5410126006087
20042905
3116430006509
3061990139771
7622300587789
7622300744557
7622300336738
7622210420213
3229820786841
3222473590292
3222472480969
3250391326143
3250390001829
3250390003991
3250391773930
3250391773879
3256224375494
3256221407167
3017760790895
3017760628297
3596710308996
3596710306923
5000159417969
5000168186030
5000168188034
3760020506193
3760151011054
3760152700025
3760122961241
3760122961739
3396410030599
20452735
20443603
3700211234078
3700211234221
8211680011480
3263852922211
3263852922419
3268350120770
5050083776250
3175681135024
3175681187962
3175681188389
3175681030671
3175681854451
3175681157545
3175681155589
3435071010059
3229820792767
7622210476203
3229820112046
3229820786544
3560070970315
3560070100279
3560070649235
3560070759354
3564707109925
3564709001876
3248653244397
3245414104686
3245411443559
3245390039828
3245390039835
5410041004601
5410041435306
30113152
26035468
20149871
0072417145889
3056440031637
3116430208033
3116430209542
3116430058164
3061990130358
3061990137982
3061990139825
3061990138040
7617400034486
7617400034608
7617400036299
26037684
7622210137258
7622210393821
7622210992178
7622210470560
26035895
3222472188353
3222471018538
3222473045792
3350031932915
3350031923081
3254560899452
3254560044487
3250390003977
3250391714407
3256220271578
3256223671115
3256223667484
3017760465496
3017760012379
3017760030045
3017760648295
3017760756099
3017760548892
8710412525047
3188131501201
3472860094371
3472860091264
3596710360826
3596710360819
5000396015935
5000168185880
3760020502041
3760122960138
3760122960114
3760122961982
3760121210265
2000000024630
3392460510296
3396410159276
3423720001145
3270190182153
3270190178897
20176587
3263852926318
3263850580413
3263852666818
3268350000126
4017100374104
20026578
20316365
3175681140806
3175681140776
3175681104327
3175681158078
3175681081444
3178531009285
3178530408232
3178530408409
3178530407358
7622210660251
20713614
3760020509958
3560070342464
3760020508760
3350033311107
3560070936106
3560070411948
3560070490929
3560070100309
3560070321148
3560070759323
3564700013922
3564707083744
3564700551622
3564700438237
3245413200198
5410495002000
5410471111238
5410471110774
5410041423709
26035994
20143817
20332389
5900951251795
0072417156038
0072417153181
3116430208422
7617400032055
7614800170004
7622210424945
3229820786162
3229820788104
3222471834732
3222473045846
3222471029893
3350031950223
3350031902376
3350031639159
3350031721458
3350030201630
3251490341051
3250391077236
3250390104643
3250391773909
3250390179641
3256223379387
3256223374481
20398989
3472860403883
3596710025374
3596710198153
0039047011496
0039047001442
20061173
5000396014754
5000396028294
3760020503529
3760020504748
3760122961784
20389994
3535800242000
10086988
8008698012857
20005382
3263850576515
3263852922310
3263852914292
3263852666719
4017100204104
3154230065692
5053827141178
3175681140608
3175681124332
3175681120617
3175681121652
3178530409680
3017760857062
3256220210454
7622210490308
7622210989673
3760122964488
3560070765461
3560070594559
3560070830848
3560070221912
3560070850792
3560070617982
3564700651360
3564700000724
3564707087551
3564700564462
3564700023426
3564709008868
3564709053226
3564700612095
3245414238251
3245413531681
3230690100163
26035642
0014100098980
34996020706622
0072417156069
3116430058249
3116430057167
3380380049705
3061990139764
20620998
7614800246006
7622300665968
7622210137289
7622210268617
7622210245328
3226210100010
3226219000175
3222473590308
3222471110485
3222471358610
3350033118072
3350031902345
3350033311060
3254560023956
3250390232254
3250390005773
3250390009344
3250391737130
3250391737161
3250391773848
3250392259594
3257980112590
3256224053361
3256220213202
3256223264737
20143824
3017760825702
3017760804493
3017760378994
3017760002059
3017760329699
587761
3023470010031
8710416113905
8710445016925
3478820037846
3596710414918
3596710309238
0039047001312
26073378
3760005021307
3760084210197
3760122966130
3760122966109
3760122961302
3456300001969
8008698005491
8000500211106
3270190138396
20005573
3263850578915
3263852922518
3263852927414
3263852922815
3263852916715
3268350120718
3268350120282
26035017
4017100370007
4017100250415
5053827146241
5053827107501
6298350780367
3175681121294
3178530409697
3435070024835
3564700009611
3116430057716
20710989
3564709001579
3596710333011
3350033311114
7622210610843
3560070617500
20616793
3560070290840
3560070936137
3560070413096
3560070371693
3560070898176
3560070341436
3564700657737
3564700013649
3564700486832
3564707103190
3564709161723
3564700666913
3245414238244
3245412826535
3245390021908
3245390206077
20149888
5410063004238
5411823148018
8803560000143
20005535
0014100097013
0076677100145
3056440029092
3380380071775
7614800321000
7613269104179
3226219004890
3229820787923
3229820789712
3222473988525
3222472692935
3222475752599
3222472480976
3222475442599
3222475123580
3350031757327
3350031862441
3250391738229
3250390200871
3250391853649
3250391984206
3257984140988
3257984555485
3259390002096
3256224375487
3256222974125
3256224060499
3256220210560
3256220210348
3256225041350
3256225044085
3256220851176
3256220179799
3011360033482
3017760468299
3017760314497
3017760363396
20005566
20422479
20492632
20136307
3023470020030
8710412615113
8710416101957
26037974
20443580
3187670612522
20058593
3472860004011
3472860001706
3472860001263
3472860003014
3596710335442
3596710431564
3596710348275
34632352
0039047001176
3106131373000
20410957
3760005026968
3760020506209
3760020503314
3760151012518
3760092217072
3760122961425
3760122961753
3760121211071
3760121210869
3760121210876
3324332009560
3423720013452
3423720003248
3423720001022
3423720001138
3700211234351
3270190008729
3270190122852
3270190173113
20637552
3263850576614
3263852925519
3263850580017
3263852911314
3263852667297
3268350120220
5400101239050
4017100125119
4017100288012
20627096
26037943
8076809507103
8076809529969
5030765017697
0694990912506
3175681120679
3175681115231
3175681027572
3178530407365
3431410132000
3439497003565
3435070025504
3435070021780
3435070025528
0044000037420
3435071010011
3347437052521
7622210404961
3760005022229
3760122961296
3396410101985
3700036903272
4017100263101
3116430057662
3229820789729
3222471105238
747103
7622210984739
20713645
3017760038577
3266191085913
3229820790800
3256220211253
3560070427406
3560070899289
3560070649327
3560070342495
3564700423431
3564700423455
3564700000748
3564700000779
3564700000786
3564700483978
3564700496381
3564700024317
3564700743843
3564700408605
3564700612132
3564700162101
3564700432761
3564700431207
3248650133540
3248650211996
3245414096455
3245411514631
3245390039668
1496500570003
5410126006162
5410126006209
5410471132004
5410041176704
0014100077084
0019320015441
3050003191011
0066721000972
3116430201997
3061990136824
7613269290025
7622300270469
7622300743017
7622300476144
7622300786687
7622210021502
7622210124401
7622210475909
7622210198518
20022365
3226211500024
3229820139036
3229820156118
3229820789750
3229820784892
3222475752605
3222471962596
3222473144433
3222471018965
3222471105252
3222475123603
3222475123597
3350031876707
3350031909160
3350031768880
3350031532504
3350033156326
3254560015692
3254560015364
3254560036116
3254560028715
3254560028722
3259011189410
3250391546329
3250391798940
3250390009573
3250391406562
3250390771975
3250392073725
3250390145561
3250390736356
3250390121381
3250390331544
3250391377404
3250391514083
3258561020464
3258561020327
3257980251985
3257980552525
3257983913880
3256220211291
3256220210706
3256220210423
3256220212076
3256220210461
3256225427932
3256224362555
3256223264720
8431876207613
3017760002707
3017760227797
3017760687096
3017760616690
3017760436397
5060367450196
3300081001208
20192181
3660140888752
20166168
20270353
3472860001553
3472860001485
20302986
3593551174971
3596710238897
3596710214815
3596710158003
3596710366101
3596710387557
0031784989021
3106130002840
3551100749018
26037158
5000159461313
3760005021291
3760005450213
3760005450336
3760020509927
3760154261609
3760122960343
3760122966505
26035260
3396413714502
3396410030605
3396410024932
3396410024987
3423720001015
0521221831827
3456300001976
24111887
3700311811360
3700566452240
8410376046243
8410000802771
8002190001791
8008698005347
3270190008217
3270190129516
3270190178859
3583788616979
20080211
76224935
3263852921825
3263850580215
3263850580314
3263850580116
3263852912823
3263852919716
3263852912922
3263852912113
3263852666511
3260260061822
3268350120794
3268350120343
3268350120824
3268350120022
3266191085906
20121877
4017100276828
4017100263002
20302993
3368959425181
3368955782202
3368957079010
5050083714504
5050083779459
5050083779428
8076809514064
20084134
26035451
3045320052244
3175681040960
3175681807174
3175681054660
3175681085893
3178530400687
3178530405996
26037066
3268350120367
3256220065641
3588570002480
4017100412110
3263852927315
4017100127007
3472860001430
3256223496428
3564700785539
8410376033267
3245412038020
3564700000823
3596710365821
3560070421626
3564700793657
3560071021788
7622210634252
3237580162287
3256220122238
3760005021314
7614800245009
7622210476180
20136369
3222475442674
3535800130000
8713576130355
3254560044494
3116430210173
3396411227264
20713638
26035567
3266191085739
3396411221460
3258561020372
3350033104372
3760005021147
3350033307711
26036489
3254560041264
3263852926912
3560070766390
3560070765492
3560070931385
3560070939022
3560070595587
3560070413065
3560070894703
3560070898206
3560070745012
3560070744862
3560070759385
3560070348213
3560070342433
3564700650028
3564700651335
3564700370940
3564700395967
3564700398326
3564700484210
3564707083546
3564700582589
3564700158067
3564700746042
3564700548325
3564709040912
3248652745260
3248650030269
3248652717588
3248650171689
3245414187016
3245413531605
3245413166142
3245413296375
20030049
5411823864529
5411462200559
5411462002252
5411462000715
5410126006339
5410126006148
5410126556056
5410471110217
5410041425802
3230690108503
26035178
26008967
3216223623699
20665661
0261450121718
3116430202017
3116430208446
3116430206664
3061990138583
3061990134219
3061990136800
3061990140678
3061990140722
7617400030167
7610062000073
7613035345034
7616700115635
7622300292522
7622300362652
7622300691301
7622210420244
7622210074768
7622210245908
7622210204424
7622210477439
7622210449375
3226219008065
3229820788012
3229820788043
3229820785493
3222475415647
3222472676997
3222471799734
3222475983498
3222475651304
3222475426315
3222473161959
3222472902782
3222473585830
3222471110546
3222471110478
3222472630821
3222472215905
3222475626722
3350033237926
3350033304291
3350031666728
3350031669248
3350031532597
3254560071070
3250390977544
3250392209230
3250390266983
3250391640829
3250391425068
3250390791539
3250390796497
3250391704026
3250391305162
3250391292882
3250391223268
3250390400288
3250390289289
3250391504312
3250391507016
3250391814091
3259426035296
3259426013034
3259426014277
3257980533630
3257981787667
3257980251992
3257982142045
3257980034779
3257980026057
3257981663398
3256220271325
3256222977058
3256220210638
3256220212212
3256220212403
3256220210492
3256220365550
3256224557692
3256222242255
3256225054756
0793573238474
8423263900924
3017760671095
3017760671392
3017768567970
3017760688994
3017760384698
3017760433297
3410280025322
20435684
3300081002205
3300085002201
8710502168017
8719153005498
741316
2058233599998
5201004021328
3472860002437
3472860003137
3472860093411
3339885000087
3596710011681
3596710356119
3596710307081
3596710383917
3596710348305
2396428142841
7311070346916
20350154
0039047014909
3106130000235
5425032930005
5425032930029
20034184
3556940811963
0819898011063
5000396020687
5000168177410
5000168170183
3760005450206
3760020508395
3760122961777
3760122961364
3760122961234
2000000000094
3328481290374
20176594
3396410030681
3396410030650
3396411220203
3396411217753
3423720013421
3423720013414
3423720003026
3423720001152
3423790000031
7501030497981
7501748001579
3450970090292
3459975609812
3700211234085
8410014308351
8410376037883
8410376017342
8410000827446
8000500214138
8000380003723
3571374911409
3347437067310
3270190005759
3270190112266
3270190112259
3270190129509
3270190122845
6132011100395
3263852951518
3263850579011
3263850576713
3263850579615
3263850580611
3263852912328
3263852917613
3263852913813
3263852918818
3263852915114
3263852913929
3263852914315
3263852916999
3263852917712
3263852903012
3263852902916
3263852665415
3263852835191
3268350120046
3268350120237
3268350120107
3268350120664
20302979
26035932
6281100354031
5400601055617
5400101019454
20100940
4017100290008
4017100461118
4017100253195
4017100128516
8480017332844
3293680215322
3368390028002
3368955769388
3368954400770
26037097
5050083776243
8076809542586
6191550100624
3175681118942
3175681069541
3175681064850
3175681084421
3175681085923
3178530404227
3178530409666
3173990060358
3173990060372
3435070025627
3700036902534
3410280024578
9000331627946
3347430007092
3368951606366
7622300598938
3178530409604
3222472572978
3256225718863
3266191085524
3293682102101
3596710348312
3760154260602
3560070894550
3250391984350
3226219007488
3263852923195
3222471855775
3256221136203
4017100206009
3337442012023
3350033087613
3256220022712
20706982
3173990026361
3256224066620
7622210353016
4001518111161
3380380077357
3256224878414
3257980531315
3596710220403
3222476416780
3173990025647
8001091002814
4104420053960
3178530411379
5410126844054
7617400032796
3760115210073
3760043030378
3472860002383
20274653
3472860003434
3560071028077
3266191085586
3263852916227
7617400038064
3596710743681
3760154260619
3760005022267
3250391611447
3564700521687
3560070984381
8713305273186
5410041002904
3760020509569
3560071046224
3564700809068
20847838
7610062000127
7610032002397
3564700009550
3061990142047
7617400033717
3257980073211
3567640105009
3560070713851
3560070766369
3560070421350
3560070894468
3560070484225
3560070355464
3560070996131
3560070941575
3560070649297
3560070744893
3560070188673
3560070759927
3560070686544
3560070685646
3560070174478
3560070342402
3560070342525
3564700803134
3564700807880
3564700651353
3564700518717
3564700000731
3564700142967
3564700521267
3564709005355
3564700640937
3564700184257
3564700471036
3564700551004
3564700552117
3564884010281
3564364000900
3245414254749
3245411756741
0719283985064
5410413100023
5410413144096
5410063004214
5412481150030
5412158008930
5410126004151
5410126116236
5410471904588
5410041397406
8888166990104
20216702
3234750001506
3230691101206
3215034827883
5901414200411
701662
0014100079477
0014100077121
0014100075226
0014100074120
0014100098423
0014100042631
3499602080218
3373030000638
3373030000058
0076580004912
0073141152310
0073141152334
0073141152327
0072417153051
0063054170204
3116430206428
3061990140746
4388844093256
4388844012561
4388844006874
7617400035513
7617400036770
7617400034431
7617400030174
7617400038798
7617400035797
7617400030327
7610216531057
7617027622882
7617027807074
7610121602958
7614800352004
7614800994129
7614800120009
7622300590284
7622300752682
7622300689582
7622210245304
7622210144461
7622210200068
3226219009581
3229820788029
3229820788753
3222475415845
3222472194569
32224721945538
3222472194538
3222471456088
3222475591099
3222475152016
3222475207969
3222474733353
3222475702433
3222474410704
3222475441677
3222474972516
3222471110539
3222471110508
20465469
3800065711760
3350031899256
3350033111868
3350031577352
3350033304284
3350033307988
3350031630231
3350031666742
3350031862434
3350031862472
3250391009442
3250391640768
3250391640911
3250392273705
3250391704057
3250391798919
3250391821693
3250391697915
3250390111030
3250392024208
3250392125080
3250390452966
3250390623946
3250391984329
3250391061761
3250392246631
3250391250899
3259426019005
3258563020721
3258561020402
3258561020921
3257980460219
3257984441214
3257980577993
3257982272360
3257980112699
3257980112576
3257980112446
3257980112606
3257980495822
3257981685390
3257984362175
3257983134377
3257981612778
3257984003092
3257981029101
3256224375500
3256224375531
3256220267762
3256220212090
3256220210478
3256220211475
3256225041282
3256225041978
3256224757160
3256220122245
3256220368261
3256220620703
3256220174435
3256222241432
3256222241500
3256225050918
0793573781055
4711967900918
8422947401016
8433329031578
8437001586813
3602804477308
3017760038003
3017768568465
3017760649193
3017760472791
4062300048928
3415308641089
3413880120473
3410280020556
3410280029078
3410280020532
26035697
6001698103077
4803805
5060162821986
3023470050112
3025770002563
3027030040964
3300087015124
3300085003307
8710412973503
8719153005504
8718449039698
8710476805505
8710445585209
8710445016963
3663350004509
3660992025114
3660140892254
3187750000195
6923597333686
8690526023755
3472860008125
3472860003489
3472860003120
3472860003168
3472860001751
3478820040778
3477690005771
3477690005238
3339881001026
3596710414703
3596710393077
3596710219872
3596710356102
3596710326921
3596710321933
3596710320820
3596710329076
3596710309221
3596710306916
3596710127467
3596710743049
3596710742714
3596710365920
3596710360925
3596710365852
3596710402229
3596710407651
3596710335435
3596710336692
3596710170111
3596710348008
3596710340309
3596710347940
3594480002472
24044318
11730
9311005000034
9310072000381
3770002558119
1110529
0039047153707
0039047153547
3104100000001
3106130002826
3106130002109
3106130000372
4104420053144
20034177
26189154
0029801025036
0021908509372
0020200070061
0024300041112
8033102690055
3552085008268
3558460550117
3556940811802
3556940811666
27005224
26051147
3760061400115
3760005026951
3760020502102
3760029244003
3760029247608
3760029243006
3760242460129
3760154261951
3760152700667
3760152700650
3760091722904
3760122961760
3760122961920
3760122966147
3760122961975
3760122961593
3760122961906
3760121211873
26041858
00379953
2000000028573
2000000025175
8593894803588
3329229110008
3329221000581
3328481290008
26026275
3391230017041
3396410024925
3396411223143
20099930
6016400020092
3427290002397
3423720001084
3450970063180
3450970109123
3457041112884
50396238
3535800114000
117746
5010745063142
3165830012092
3160181210524
20127541
3700311810448
3700311810332
3700214613139
3700214613122
3700214613146
3700566452110
3700566452097
8410014312211
8412170029590
8410376037944
8410376036169
8410376001938
8410376017359
8410376026962
8410376025019
8410376022476
8410000000108
8410000000030
8413760002177
8410196052509
1803058080005
8002330052782
8002594001762
8000090003297
8001100064079
8005476049999
8004263674635
8005121214413
3571379002508
3571370900261
3347439950313
26035581
3277735225009
3277735225474
3270190133711
3270160313181
5076118031699
5076118212494
3588570003524
3580280745725
3580280745213
2498128745916
0787692834631
20459079
26067674
3263852951617
3263850579318
3263852924611
3263852925014
3263852925922
3263852920811
3263852926516
3263852924017
3263852923690
3263852924819
3263852912618
3263852917019
3263852916517
3263852918719
3263852912519
3263852915510
3263852916111
3263852915916
3263852915015
3263852916319
3263852915220
3263852904125
3263852667310
3260260031771
3268350120442
3268350120671
3268350120459
3266191008325
3266191007700
3266191085593
3266191085678
20276607
24044417
27031407
20129125
5400111051598
5400111052274
5400247029621
5400247062703
5400141034554
4017100276712
4017100255519
4017100491207
4017100101007
23048034
26035475
741538
3154230034513
8480017120472
8480017015778
8480017634696
8480017035035
8480017035042
8480017032164
8480017048813
8480017049148
8480017090652
8480017050915
8480000140340
8901719255151
3368390000602
3367651005417
3368954330855
5052109810597
5050083776274
3288131600314
8076809542555
8076809536721
8076809501965
3460340300159
3460340300142
8019027982277
85119871
11709
6194008515520
6194002510064
6194002510293
3045470001116
5941664006814
4000417214003
4008400354125
4009176254114
4009176454958
3178880003477
3175681007857
3175681188730
3175681064881
3178530402940
3178530400540
3178530407662
3178530400649
3178530404104
3178530408263
3178530402919
3173990025623
3173990026484
3439495200829
3435070025436
3263852667617
3222475512315
3222475340024
3222475439445
4017100126819
4006182005457
20225887
3106130045021
7614800190002
20082986
3556940811642
3226219010372
3222472877745
20768638
3335440221027
8008698004548
3270160317646
3535800113959
3263852914094
5400111053387
3266191008035
3380790000020
8012666520060
3184340030334
3226215800038
3460340300173
0064042001005
0065987000184
3590223000040
3184340000504
3760005025299
3276220000039
3596710380930
3250392209261
3556940811628
3256225048816
7622210453037
8710412465046
3256224062073
3760253290104
3263852911215
41228887
7614800462031
3259011139149
3663350004394
3555081143629
3660992006793
3560070983247
3556940811659
3373030000942
3171910661104
4316268469357
3328079002501
7614800277000
7614800265229
3256224757184
3307484001057
3435070029205
3760043030200
3760043030163
3760043030156
3760115210103
3760115210066
3380842608532
3380842608549
3380842608556
3555081130070
3555081130407
3395250003510
3395250000373
3395250000052
3250392265908
3700036900622
0072417161858
3263629981229
3760016000049
3270160800704
3602826460210
3560070972982
3268350120640
3340295405003
5410041152708
5000169101636
5000169048832
5000169962275
5000169101629
3175681203303
0039047016101
0039047015265
5000169403822
3250392246457
3560070681358
3248653570663
3700566452080
8001100067056
3250391371952
26035239
3263852927919
3423720003033
3340292025600
3564700738917
22128461
2048654099993
3268350120213
3268350120831
3396411223167
3380033532004
3173990060433
3760184160071
5410126006032
3263850578212
3250392262235
0072417159152
7622210419972
3250391530946
5010204973104
3250390383437
4017100410611
22125910
3410280004709
3116430210319
3770003262312
3226219010273
4305615406572
3258561020600
20198989
20669188
4104420054769
3254560806863
3347437064319
4006894524109
7610032065040
7617400034967
3560070718849
3560070932429
3560070936472
3560070735464
3560070617807
3560070617838
3560070617869
3560070691159
3564700423448
3564700009581
3564700484234
3564700483916
3564700777787
3564700407370
3564709165899
3564700545300
3248650201836
3248653286649
3247770002484
3245390069429
3245390967763
3245390021823
3245391167957
2048348703007
5410413300270
5410606000017
5411823000699
5412746003415
5410126004007
5410471130901
5410471910428
5410471400004
5410471905240
5410471903024
5410471906391
5410471906407
5410041447903
7640110770030
8801062636358
64042003948
20204389
8022467000319
0655762001040
0652655300006
0652655000159
20050733
20050764
3215470510295
80001355
5906812003732
5901363003132
5902379744859
5906190553683
5906190554499
5906747311964
0014100079521
0014100074816
0014100074724
0014100074359
0014100074038
0014100078609
0014100096986
0014100098416
0014100097068
0014100042587
3497900006039
3379141407571
3370620000443
0076809300900
0078742038520
0077330530057
0077330566223
0077330566087
0077330337335
0061232200545
0067312005529
0064042006390
163484
20042400
3116430207807
3116430208538
3116430206671
3116430206565
3116430208606
3112830607407
65265500031
3380380074653
3061990138248
3061990140692
3061990140739
3061990141552
3061990126948
42172277
26229577
4388844158887
4251099603900
7617400032789
7617400035780
7617400036503
7617400037081
7617400036039
7610829663893
7610073957335
7610073957274
7613312011010
7617027711333
7610037023021
7610029158106
7614800262006
7614800324506
7614800364007
7613269376682
0703741000178
7622300441012
7622210275738
7622210231277
7622210251626
7622210353252
7622210245366
7622210094124
7622210143006
7622210309747
7622210189820
7622210450319
7622210346629
3226219010341
3226219008058
3226219003022
3226219009857
3226219007464
3229820791920
3229820189246
3229820786551
3222475417238
3222475415791
3222472845232
3222473624935
3222475733673
3222471917152
3222471917121
3222475209796
3222472829850
3222475424618
3222475706059
3222473530175
3222476093332
3222475512155
3222473260546
3222473039531
3222471110492
3222475439841
3222472637820
3222475120459
00011693
4770163202509
3800065711784
3800065718264
3350031707513
3350033305496
3350033083950
3350031619618
3350031532528
3350033156654
3350033092419
3350033092297
3351031902342
3254560010208
3254560076334
3250391995325
3250390791461
3250391320387
3250391697946
3250390119951
3250390114697
3250391635221
3250390585718
3250392024178
3250391193806
3250390736219
3250391345809
3250391345748
3250390183945
3250390183976
3250391277759
3250391611508
3250390383574
3250391119110
3250391061792
3250392250249
3250391538942
3250391371631
3259426012525
3259426014512
3259426013270
3254950007276
3254950008235
3258563020455
3258563020295
3258563020615
3258563020271
3258563020226
3258561020310
3258561020358
3258561020334
3258561021034
3258561021164
3258561020389
3257980533647
3257980533623
3257980533913
3257980531308
3257980460226
3257984441122
3257984441108
3257980073204
3257984770352
3257984770291
3257982272353
3257982273718
3257980890580
3257980112729
3257980112507
3257983507454
3257980495921
3257980495952
3257983774771
3257983774764
3257980030047
3257981178960
3257982123532
3257981667822
3257983134360
3257981359000
3257983156522
3257981083264
3257984003115
3256224375784
3256224375548
3256224375562
3256222974101
3256222974095
3256222974118
3256221135503
3256221135473
3256221135480
3256223685402
3256224071396
3256220210805
3256220212342
3256220212151
3256223668658
3256220031097
3256220031080
3256225044078
3256224044116
3256220851312
3256220851213
3256225433070
3256222241425
20204433
3543931233002
7707220540004
7702025182305
8422947400033
8421691791534
8421691748231
8420957188644
8422584030471
8422584030464
8422584030495
8421615001527
8421615022621
8431876128956
8436048414721
8437004855961
3607221502725
3017760792899
3017768568328
3017760526395
1303058010007
4062300168244
5601141080910
5601141080897
5601312043263
5601069102961
5601286414762
5604260227860
3413880120053
3410280063508
6068824077121
4335896193540
0893470001093
0896139001212
0896139001199
2080930100009
2080930100023
4400002007
20396141
969512
26042213
7730009
0008077102146
9300800150945
9300650012936
9300633021849
9300633021825
9300633034450
9300601932573
9300601407866
9300617041573
9300617041610
1401290200009
1402517320005
5060027070412
3308960040102
3300085005301
3300087004128
00011747
8718265523944
8717185470147
8710412972728
8710418111213
8713627000453
8711823192538
8710482531801
8710873998114
8710873998091
8710873998138
8710873998077
8710502470035
8710502430008
8710502060021
8710400059288
8710445585728
1901246900002
20005383
3663350004523
3663350004462
3663350004417
3660992025053
3660992005208
3660140892308
3660140840859
3660140841252
3662790000386
20136338
26035796
950763
3503551173423
22144430
3182650008982
3182650248739
3187750002007
3187750006005
3184340072006
3184340061093
6954200700052
3481290016969
4901005116252
4903333066254
20126278
8690504039518
8690526092232
0870719000208
3473710080032
3472860001638
3472860001492
3472860091882
3472860402923
3472860403340
3472860051053
3472860053019
3472860051701
3477690005832
3477690003265
3477690003258
3339883010187
3339883010170
3334100025715
3337442012047
4022993045710
3593551175329
3593551176340
3591660000167
3596710420032
3596710414161
3596710356010
3596710326785
3596710127474
3596710742684
3596710365807
3596710407644
3596710388127
3596710388134
3596710336579
3596710348114
3596710347995
3596710340293
3594480002106
9310072015408
9310072023496
9310072027449
9310072026275
9310072001128
9310258511939
9310034017075
9317857552851
9317857552868
9310645096919
9311015200561
0082011913357
879330
3770003887003
3770003262305
3770003268789
3770002558393
3770004019236
11815
7315550494203
7314710605015
7314710477667
7318690004332
7312220095760
7317066203768
20350147
0030100053149
0039047010215
0039047014589
0039047004931
0039047001138
0031535595105
3106130019602
3106130002147
3106130000303
3106130002666
3106130000204
4104420055285
4104420057289
20412944
8032697890222
8032755322559
8033102690086
8032998901238
8034049560258
81029102115
20168353
20308986
3552085008107
3555081144725
3555081197295
3558460380042
3556940112671
3556940812014
3556940384146
3556940901329
0810253011421
6425682000638
5000462324718
5000396036152
50001594180003
5000159365741
5000128490313
5000183967454
5000169068823
5000169149843
3760077534712
3760077534705
3760077532558
3760074419289
3760074418015
3760074412365
3760069220050
3760004050025
3760116500562
3760116502306
3760086670302
3760088814841
3760035035107
3760029247301
3760029247905
3760242460143
3760249750056
3760109054171
3760155984248
3760092217089
3760092217027
3760129929886
3760122961968
3760122961586
3760122960503
3760172953616
2220251241818
0322475120435
0090268000102
0099068001609
0093709301608
0096619372201
0096619181674
5709364330727
2000000012416
2000000007885
2000000002243
2000005351013
2000000033280
2000000028725
2000000029623
2000000029412
2000000029627
2000000029472
2000000028792
8594002080013
29067961
3329489030054
3329489030061
3329489030030
3329221000536
3329224120033
3329224110010
3329229000071
3329229000026
3329229900005
3322680009577
3322680009560
3328481290718
3328481290770
3328079152213
4035532462305
418930
9400553011477
9400553438786
3396410216191
3396410024611
3396410024628
3396411217739
9002859049620
9000332811405
9008684000461
3450970032964
3450970024709
3450970046541
3455830000039
59749880572
20594442
80867047
3535710007423
3535800892205
3535800113904
3535800500506
3535800720300
3535800172659
5010251537540
5010251537588
5010035064439
5010035064446
5011032670777
5010204427379
5011766999915
5010909001720
3162150026723
3162900001215
3162900001192
4690469006260
20176624
20692810
26071169
3700413400318
3700311810455
3700311811377
3700311810431
3700311811926
3700211224307
3700003789496
3700254081271
8410014384010
8410014303417
8410014344403
8412170011434
8412170025783
8410376039207
8410376034073
8410376009415
8410376045024
8410376016789
8410376010701
8410376027693
8410376026979
8410000817911
8410255009376
8412224019973
8415712334404
8410387003204
8410043030513
7682810834124
8002190001388
8000605020269
8000605041691
8002590035235
8002594001373
8000350004583
8008698012819
8000155627505
8000090004461
8002158000392
8004800023001
8004800023018
8009280006957
8004835365022
8000380148035
22146441
27038659
0750515021228
4603720185987
9331275004716
7217382012979
7330122813022
0725156003667
29003082
27035542
214036
3277735225498
3276990000031
3270190150374
3270190125860
3270160312931
3270160311446
3279130109984
3279130109953
3279130108611
3276220000275
3580280745688
3582739701887
00198370
20715045
0787692838349
3263850578311
3263852924116
3263852921610
3263852920415
3263852926714
3263852923317
3263852927018
3263852923799
3263852927216
3263852920514
3263852925410
3263850580512
3263852913127
3263852915718
3263852918313
3263852915817
3263852914926
3263852918511
3263852911413
3263852919310
3263852911116
3263852914711
3263852914612
3263852904514
3263852903616
3263852903814
3263852904316
3263852669611
3263852666313
3263852667914
3263852666115
3263852835115
3263852373013
3260260211142
3260260050314
3268350120466
3268350120398
3268350120305
3268350120732
3260439234354
3266191060521
3266191085609
17851213
20121891
26037271
0859888000332
0859888000929
0854142000257
7750168214292
5400265003924
5400265020495
5400111053639
5400247029614
5400247021175
5400247032089
5400247031372
5400247031297
5400247058461
5400247050571
5400247009098
5400247062697
5400101035850
5400141138580
5400141191509
5400141053111
5400141211498
4016249012748
4016249012755
4016249010201
4017100211003
4017100210884
4017100957857
4017100956812
4017100021053
4017100203619
4017100208850
4017100122910
4017100125911
4017100361401
4017100364013
4017100179006
4013320247808
4013392082390
16720217
7891962026756
7891962004921
0612322029890
7441163401014
21057667
20058623
20452711
0059290500677
0059800491075
0050000622313
0058449410096
20091170
30908
8480017393029
8480010019377
8480017422620
8480017634481
8480017031310
8480017039729
8480017103079
8480017487094
8480017135438
8480017095152
8480017492210
8480017004697
8480017006844
8480017006905
8480017431486
8480017431493
8480017060143
8480000820860
8480000140739
8480000141064
8480000141323
8480000146335
8480024753373
8480024752949
3368390000190
3364699357560
3368954400763
3368959427581
3368954000017
23137622
5050083499333
5050083504761
3286790100671
3286791111225
27035535
85366013000299
5032722311350
8851019010137
8851019510118
4316268400886
4316268424813
4316268448819
4311501424544
4311501445303
26050348
744485
672566
0694990083640
0697893253264
8010826008441
8017172051268
8015854123418
8013505001481
20057459
6191550100488
6191550100754
6194008514028
6194008515537
6194002560014
6194000500388
6194002510309
6194002510071
6194002510385
6194002510316
6194008533999
1602259160000
11686
26037332
6291003203527
3045320059045
3042791100351
3040280002520
3045470102110
5941300007137
5941035000984
5941512000704
5941512000711
4005561532294
4002899026266
4000264000125
4001450326647
4006040190929
4005967585689
4002652000175
4007803824006
4007803824105
4009176565470
4009176091108
4000430005800
4000430005763
4001518110294
4001518107447
4001518108925
4001518103487
4001518009338
4001518006313
4001518007662
3178880082144
3173990025739
3173990057709
3431410116611
3439495203134
3439497003534
3435070026099
3435070025450
3435071030057
3435070300502
8991001501011
5391517593358
8935000901304
29035175
0045100060325
0044000012625
0044000072742
0044000007492
0044000088453
0044000032029
0044000033279
0044000033392
0044000030667
0044000028275
0044000044435
3229820789743
4311501365014
8014037002366
4612515500102
3760023341029
4017100131929
11778
3392360001016
24042147
7622210457554
4005561003251
8480017230898
3415306291163
3415306290142
3760109800075
4017100100833
3478660050293
3555140107333
3555140002652
8033102691571
20445546
8711753002020
3555081147924
3760043030293
3329489030139
22017741
3258561021041
4017100365416
3555140003420
3555140002508
8711753005038
8711753004444
8690504186557
8690504018650
4311501478578
8076809517300
2000000038139
20113469
469258
3438351359510
4017100407819
7622300484095
7617400037401
3760093911276
4017100287022
3596710388110
8711513294504
7241714588
8413760008506
8003000177309
8710434091094
8480017092991
1151
20113687
1664
7614800236007
7614800234003
3700566452295
7614800235000
4311501365052
4901005510524
3350033311077
5425032930869
8710412545045
3256224066200
3760051390013
0060465005828
4007803820107
8801019311345
3263852903418
24044882
24044080
24018128
3270160801534
3270160850372
281890101245
20204365
20705893
20705978
8410014307682
4311501365090
3293680021428
5410413300348
5776879014954
2000000039841
5410413030009
8714065111404
7622210994875
3596710356201
20420376
3268350120855
8000380003761
42247111
5941101001310
3564884013633
3277735225481
3277735224866
3277735225238
20377991
3472860003557
5425005482609
8710624596651
7610216551055
3254560041202
3760088720456
3350033307995
3497900006718
8480000142092
7614800145002
24044011
24044035
8410376047578
3260260031542
3564709040998
3256221136241
1202259180000
7622210287830
3250392351540
3257980024244
3760169520289
8000510219307
3256225433032
3760061050303
3175681209282
3368959425198
4032549000452
3564700653623
5603501064059
3270160853724
8480017092908
3502790725356
3502790725424
3502790725349
3547130057117
3380380077470
3564700653135
3564700652657
7622210602015
3555140002003
0039047011007
3256220210720
1201509270003
3250392221416
3017760038379
8437011986627
3415306290517
20857059
7622300744663
3329489030047
3263850579516
4044889002744
0762210252074
3413880120459
3413880120442
3596710405701
3250392192952
8431876248296
4640010206298
3175681137264
3256224375524
3558390002113
3535800110408
3245550080257
5900951251849
0018000817818
3263850579219
2000000041658
3259011185986
3560070894642
9310072000480
2000000041723
0061232203072
8480000144157
3254560860568
5425032930715
7613269263937
8480000140029
3263850589317
3564700676257
4690469009292
4690469005713
8710588100000
5026139000181
3259011189441
0606541940012
5410126854152
3350033279995
3596710743292
3106130000389
3292590825355
3257984441115
3593551176050
7622210471215
4104420053120
3229820789736
4388844255111
7610827760259
7610849763610
3178530411478
7614800233006
8600043003321
8600946445006
8600043003307
7616700020267
7616700185614
7613269458449
7613269457985
7616700013467
7617400036541
7617400037838
7617400036480
7613312016282
7613269376668
4001518003312
7613312074251
7617027745888
7610666000660
7617400030198
7617400035490
3256224375470
7617400033557
7613312088111
7617400031492
7617400030075
7617400030211
7617400031133
5410126006506
3116430210401
20698867
3421557903106
3116430058089
3116430210180
2000000042307
3396411219863
4017100264900
4388844010024
3279130109762
3025770007216
7622210114730
8480017129512
3560070427376
3245390175502
3258561020983
3266191008318
3257985024812
3263852927513
3472860001386
7622210503879
3256225717491
3259011189328
3380380077388
3450970029117
3596710132096
4690363032471
3256223670200
5000396033373
3248650175267
3250392383299
3263850588419
3263852508019
3256220212229
7317066203751
3396411222955
3226219009864
3596710397105
20842499
3396411222627
3257982142052
3596710382910
3760005025633
3396410024642
3263850588310
20609849
3279130106921
3222476283894
3760121212429
3266191085685
3256220210553
8410376042504
3266191085500
3564700753972
3347439950412
4000168000313
3258561020761
7613269738473
3175681646964
3257980577313
3423720003170
3368390000893
3266191007557
7614800269500
3270160850181
20042370
3263852911710
4014051003015
3396411225024
5410063026315
3175681207516
3350031902765
20156060
3456300000023
3266191007786
3560070963775
3560071062255
3423720013445
3222472768050
20842512
8422791007662
3257984640389
3250392366599
5400113039822
20619466
3347430005913
8600043022469
3266191009292
5410471909781
8410376015515
7622210659682
3116430210371
3268350120114
24055468
8600043001105
3552085004796
3552085006295
4017100281518
3472860002499
20173302
5410126716016
3564709071267
20726365
20711887
00964425
3254560017405
3450970006514
3513851559360
2000000043720
3178530412468
3421557910296
3339881001064
0039047018136
8410376042511
0787692834617
8717185470154
7616700018684
4009176229808
20176686
7314710100008
3222476476722
3266191008547
3263852950917
3266191007526
3564700619636
3596710356164
3329489030023
3226210100126
7622210476081
3435070301141
29036332
3266191008417
8422860003014
7622210254351
3760031830362
3247770001159
20621001
7610032065446
3256226086503
9310072020945
3165830012108
3165830012115
3256225717484
3380380072321
14100097037
3276220000169
3256225041404
3175681209367
5010822114002
8600043001280
26051086
3263852914810
7622210478450
3259426013812
3270160852574
3435070024842
3178530412802
8711823193504
3700566452004
20155285
3250390106647
3564700813249
3266191007731
8000500218488
3263852669710
3660992005710
3257985023228
3760122961111
7314710470088
3423720014046
3250392408343
3256224878407
3259426022074
5410041167306
3760088720494
3178530412925
3116430210388
3175681209336
3660140929851
3256225433025
5400101012257
3472860003052
3564700859049
8600114005360
3263852915619
3535800172765
3580240401029
3178530412000
3760005001248
3116430209023
3266191008660
3178530412901
7310521400412
3061990142078
3061990142085
3329489041111
3250391865604
00011778
8600043022445
3560070983216
2952350335784
8000500256534
8000500256658
3175681210714
3564700432556
7622210681430
7574826006049
0066721005694
3380380072338
3564700564431
3760025860139
3226219008072
3178530412840
7622210421999
3257981663381
5410063011212
3760151014314
3560071021818
7610216530234
20005542
8410376047011
24044240
8421691746695
8410014414595
7622210114648
7622210720283
20857554
3410280042404
7622210603869
9310072012575
3250392214906
7622210651976
2952350335791
3222473390069
5601008200505
3226219000823
3259426031878
00023092
3396411217845
3178530413458
3760121212337
3560071078263
7104975458699
4008391550926
3760183042088
3760122960336
0795130046461
3248650190123
8480017092984
8410376002256
8410376044959
8431876005097
8431876005066
5997591100545
8431876242461
8410376047554
3450970142182
3560070759293
22115416
3250392262143
8430803027171
8410196051380
4640016047406
0225686607699
8410085233262
8410376046991
5010251703129
3588570002527
3229820794525
0652655300044
5015473000032
7622210121233
18437016774004
3472860091769
8026434400133
8026434400072
8410376047028
7614800150037
8600197173758
3178530412819
5776879012165
8718215833123
8410376044423
8002633590028
8026434403561
3259011160747
3700566452226
3041091200600
7622210720306
8410014305169
3263850579417
3229820794785
3560071028046
8412170029415
8410014359841
3560070993086
8410014305275
8410014305251
8430803027225
8430803027249
8421691331242
8410376032581
20557430
3257980112538
3258561021072
3266191085616
8434165460966
20857028
3472860404521
3472860003496
3472860003458
3472860093459
3472860094227
26047829
3472860402886
3263852911611
3229820794471
5907471400269
3250391554119
3257980112583
8413385019710
4311501425527
3270160824083
5000168198491
3700566452172
8026434403523
00917025
3256220212335
2000000046692
2000000046696
3456300002744
20705954
3171910661456
20705947
3276220000251
5350145004292
3178530412826
8421691784543
8421691477292
8434165460942
8410376000825
8421691733596
8437005927063
8437005927049
5011021400842
6984209500100
5051882155802
5400141056013
5060309490310
00011723
3760084210210
3222471976999
4212268800704
3263852910713
3258561020624
3596710347957
93269100
3229820792910
3329489030016
3560071062316
8434165453449
7622210713780
3263850578410
8033509240006
5007228747668
3259011189380
20857561
8001091002920
3021990077374
5400113569435
3380033501703
8710502104091
2080350120052
2000000047183
3700005003088
3700005001213
3700005003064
3222476283917
9501005000213
3700005001848
6161105491637
6161105491507
3700005001268
6161105492108
6161105491361
6161105491286
3700005002876
3250390722755
5601009979301
8480000141446
5000168187280
3270160850631
3226219007730
7622210713803
7622210711793
8000500257791
7622210713926
3700005003057
9501005000053
3700005003125
6009691530050
9501005000077
9501005000060
8410014364197
3175681213807
4260289930177
4002652003558
8434165443167
5055534300015
3061990142160
5900752008741
3286790104938
3396411224966
7622210158840
4300000047125
8711513339526
8410014424730
7318690081364
3582730001740
8434165453258
3700005003286
7622210713889
3700005003224
3700005003217
3700005003590
3700005003583
3700005001336
6161105492016
3700005001886
9501005000022
7622210726223
3260260030781
4003467053745
8000350004675
3256224375517
3184340072204
3700005003279
8593894910262
3178530412147
4388840219599
3173990026804
5902379511833
7622210981356
8594002834616
3700754717205
3250390844198
3700005001954
3178530411713
5000168185903
5000168198514
4607054123622
4607054123639
3257981612785
9310072029962
2000000047899
3564700858684
3700754707053
3178530411706
7622210988072
3175681206601
8480017836489
8437005927100
8410376042535
3571376902207
3286790020153
7622210659156
3250392403638
26035437
3410280049168
5601008200963
00011754
4017100490606
8410267060013
3250391521609
3106131361663
5410471913450
5410413100016
5400111058030
5400230140050
3178530405392
3198831087318
3061990142207
3535800150206
8451860001263
3229820794815
3435070300014
3435070300908
9310072002309
9310072006758
3481712229991
3061990142245
3173990025593
3255651010022
3245390124333
3256222241517
00964395
00099233
3178530413540
9602070947776
7622210718617
3250392144319
3423720003194
5600744051051
7613356175723
1603748930005
3770002558355
8058774350496
5000168121840
5411823865922
3535800113850
4001518752302
8692806017553
3423720003231
8411192040156
4316268503471
2000000048762
2000000048766
9487271867074
8410376018097
2000000048834
2000000048836
2000000048840
2000000048859
2000000048860
2000000048861
2000000048862
8901725132873
3258561020440
5907471402508
30027084
20817732
9588800664918
3050003191028
4006894543803
3588570003913
3513851559339
3800020410998
00011679
3353630000597
3061990142344
24056809
3564700771365
20936365
4006894557701
3256226086701
3256225041343
3270160800629
3337442012368
3256226086497
3045470039119
8000015003081
2000000049257
3472860403371
3478660050296
3478660060097
3478660000109
8000015003098
8058774350236
3770004362042
7622300687779
3178530409864
3171910603715
3229820792927
3250392132941
3178530410914
2000000049368
3258170698450
2000000049533
8600043000023
8000350004712
7318690082019
8410609102418
20712280
3329489030108
8713305850011
8010247430043
4640014690024
3178530413304
3266191008301
0065928001003
3770002558034
3367651007176
4006182005631
3270160859009
3477690005252
4001518003268
3337442700005
5410471909958
3472860404538
7622210144317
5576218877697
3760023340350
3560070275816
3226219008362
3760135233526
7622210466600
7310525501412
3413910005015
3438351360295
4111248001035
3556940812052
5000396015898
3472860003335
3472860058120
20568726
3415306291132
5203064007656
3415306290982
3250392155674
3564700024553
3560071010799
3229820794822
3560071062439
3222470110110
3222475440649
3256224559153
3760122962002
3250392073787
3222476670793
8600043001198
7622210411587
3350033108660
3560071010812
5400141056945
0072417160394
3556940901077
3472860003380
5400141056938
8711513339502
22115508
3560070685035
5400113534785
3564700855058
8001120788061
3277735224415
3256224066637
0030100103417
3263852915312
5400141354690
5400111099781
3564700813072
3259426013997
0064042006079
26044651
3178530412512
3178530412277
3555081150634
3555141002903
3555140003994
0055742528381
0623682114799
3106130010210
3260260032198
3564700855034
3760043030484
3250392488048
3368959425204
3250391753611
3256226086695
3760059926252
3760122965287
3250391324002
7622210453051
3245390114143
3256226385552
7622300386580
3226219004630
3061990142221
4006894554205
3760172953777
3389090018124
4018356001813
3260260030224
8002190001944
0060383049690
3337442012030
5010029222005
8005476414582
3760051390006
0066721005700
3263852927117
3229580000010
0615000022732
3456300002737
3276220000114
3800232730525
3700621730313
4017100263200
7640151393700
7622210689597
9077560756198
3700621740046
7622210203816
3256225717514
3260260046218
4017100338014
3178530409161
3106130350101
7612100065167
5411823864987
3222475415838
6194008552341
8058774350212
2000000017785
3245390563422
3256226372057
6194008552358
3535800315209
8033247971965
3256226086718
5010745054331
3561770007042
8002158000231
3173990026521
3760145845993
0652655000890
4011676000184
3770002558003
3245390015815
3256225041299
3256220210898
7622210982377
3770002558058
3263850578717
2000000052047
8710502171017
3257981358997
8480000145208
3549170000047
3245390059604
3178530404883
3560071081188
8076809573252
3178530409017
3564700855027
3564700789360
3770007204141
3564700861349
5410471907824
8000350004668
0038629001436
3596710414673
3256221382662
8594038915914
5400141405606
4010355415752
4001518001219
3526590000482
80136194
4001518102138
3596710451371
5410126816068
3596710451388
7622300724788
3413880120480
11916444
5425032930036
3348713011126
3457041145417
3760016000032
8436048462630
5410837920016
3178530412567
7622300589882
8437005439153
2868019009586
3700994200222
7622210707284
3178530412871
7310100570673
8002590003111
3222473260539
3368952640239
3250392409463
3201532000057
3201532000088
3201532000033
3256226387938
7318690076933
3173990025524
8710502179020
0896899000395
3770006165122
3760112141998
3226219005705
0652655000364
3023470202016
5410126866339
3260260032211
5410063031937
5410126806069
3178530401387
3250392450106
00024280
3250390219002
3328079033253
3260260031412
3435070062066
0058089005058
3596710431441
3222476082404
4001518772300
8000380153466
3173990026217
2000000053334
3477690005627
2000000053336
2000000053338
2000000053339
3250391377831
2000000053346
2000000053347
2000000053348
2000000053349
2000000053350
2000000053351
2000000053352
2000000053353
3596710451364
3488430050319
2000000053391
2000000053392
2000000053393
2000000053394
2000000053396
2000000053398
2000000053399
3258563020240
3472860002451
3257980533883
3770003887041
2080350160126
5400111050683
3596710439157
3268350120886
20852467
3263850595011
3257985477601
3760210811038
3564700471029
5941143022274
3257984010724
4388844160248
8410376049862
3760159102563
3760116502092
3162900001260
7622210457912
3760167941413
3565300002811
3760009540194
7626100689124
3396411230073
3116430210623
26037134
3256226156176
3593551176098
3389090020202
3564700869154
1903749190003
3760159102556
3472860053057
0089782014788
3435070026600
3293680210129
3250390703433
5000168196701
3293680214226
8410376049992
3396411216893
3560070938520
21417167
3017760010368
7622210659712
3373030000911
3276220000336
7622210721259
3254950007771
3256224760078
7622210203786
3347437078453
7614800100131
3245550080899
7622210485007
3222476028488
8002720003028
8015854113211
00537742
3596710448807
3288690000112
3226219000748
3263851165510
3760253290012
8710588860003
3760133673355
3259426036736
3250392383800
3258561020013
25387506
3276220000244
3040280009161
20318888
3663350004547
00156738
3270190189107
5400141224979
8000500269169
7622210353498
3368390040363
8600043004519
3588570002657
3178530405965
3250391402687
0209868013973
3175681231313
3555081196526
3266191008707
6170321073725
2080350160027
3178530406306
20842772
3260260046126
3175680037442
5410126806250
3258561020341
4388840221240
8710565000996
5000168198392
3347430011457
3291030011082
3760253840002
3483830701304
3483830702509
3555140040630
3660140934954
3260260046164
3472860003625
3534450308692
3560070891443
8594071212032
3260260031443
3175681226111
3350033174122
4272080037085
3560071048563
3266191008806
3800232730518
5901986030546
3182650028744
3259426036095
2000000900025
3061990142122
2080350160058
8003100853578
3760074413317
3415306291224
3263852918610
3279130110560
3555141300078
8410376013443
0055742509427
4009176034556
4009176216815
3770003262626
3270160850938
8410376047042
8000090103683
3182650028720
3560070983278
0039047012608
4305615186665
3380380082788
26075716
3770002558409
03348321
3293680021015
3556940811789
3250392476601
5051277445525
3663350043355
8410376012699
3588570003470
8600114000631
3700569103040
3555081146385
3368390020617
8000500264850
7622210203694
3456300003918
3257984140971
3178530414769
0654479773127
3178530407426
8600043004533
8711812842727
4023800802779
8431876221039
3258561019123
8594058250859
3106130002239
3472860002482
3488430001342
3535800113416
8710508551158
3596710439492
3560071112806
7181842834688
3258561020471
5000168181578
8279771088780
3596710356393
3385050000505
26008844
3596710428700
4009176314771
3222476825063
3413160002772
3435070030126
0039047019041
3256225041312
3291030607001
8434165457744
3472860404835
3350031679278
8410087004082
3472860404897
3258561020914
0038000321108
3268191007797
00265768
5008410118167
3337442650003
4005561001790
3257980890474
8076804394845
3263852931817
8410376037920
3588400257516
3588400256588
5057008762947
3258561020686
3760135233588
0039047015760
3555142024379
3637760851466
25237528
3257985137086
3760111202294
3258561021065
3339334401755
8600946854303
3222476702456
3178530409246
8424259802031
3258561020280
7312220040807
3279130110713
3263852920217
8594038915938
5400101249639
3277735224491
3106131375578
3106131375677
0039047014183
3585730002779
3229580020650
3263850597497
2000000058480
3258561020297
3556940762937
3571373919802
3339740006278
3564700284285
3281580123250
3472860404828
4014051003725
8594038915952
2000000215105
4006894139204
3263852931411
8100090000514
3339740008579
3339740003864
3250392551292
3760242620226
3245397162789
3226219010914
8000643005006
8017596079817
3760111200078
5014691880204
3250392384111
3700754700634
3760068440060
3353703850531
5410126104608
3247223502004
2000000058741
3260260046263
3301310011661
3472860002338
3596710419180
3259420009637
3415306290159
5906881423387
0853754005322
3564700883037
8006165408363
3263851167613
0039047015425
5010909004059
3182650058734
7610818287055
3760009685796
3415306292085
0712038815418
3222476786081
8002873018481
5776879013261
3760049733112
7622300724764
3222476753397
3760002259475
3259426030604
3585730001246
8076809545549
3760043030323
3472860003618
6901845042313
3178530414776
3173990026996
39599636
3760002250045
0654479009608
20026554
3488430050302
20114343
3222476786029
3421557903021
3263852914193
00028271
2000000119076
3229580017766
7290016474510
3760122965508
5010909004561
8000590222204
5410126856095
3259426022210
3222476785961
3760121213082
5000396044775
3263859064310
3333040005702
7622210746047
3061990142320
3023400020116
3770002875070
3350033087989
8076809542166
5410471910398
4006894482508
5400247063069
8600046003175
3263851167712
5053834708128
2000001508213
8600043016109
3337445160004
3396410022204
3596710451067
3760098700141
5050083174469
3257982142076
20624088
7622210776204
3368950583774
26021775
26045566
4549738722403
3257985625200
8710434071034
3178530413045
3560071092986
3488431021400
5099801002097
3535709040912
0044936322768
3662790000447
4388844160583
7622210484444
3760135233502
8011176022088
3700796302636
5412158018991
3415306290012
3247221182000
3286790106598
0039047816084
3171910660046
5010909005551
3368390040189
8001120936479
4009176156401
3257983157284
3430660000114
3760074417148
3483130006529
3256225041336
3560071016180
4388844255814
3410280002064
3257985625217
2000000061807
3423720001176
4013392082147
8019730070384
8410014336545
3250392549343
3245390162205
020792
3171910601117
7622210424976
19033358
3263852928015
8437002004064
3281580200166
3178530409819
8888101430337
5400164150040
3700569023218
4607084351361
2000000062669
3267620000026
4260311980026
80001256
3226219009659
3258561021201
5608751971508
3178530414240
5410126104103
5411823105332
0067312002832
3535800950202
3535800110576
3700416240201
4901360312375
3700621730177
3560071156947
8600043023619
8013355500172
7617400094732
8690526061108
3256224878360
8901063093287
3555081149966
3663350044000
3760074417162
3178530408881
5425002286699
7622210795793
3226219005712
0064100256613
10831104
3580280745787
3663350063223
00109031
3293680210228
3329224110423
3329224131046
6291106490565
9002859089008
26085654
3337445170003
3256220851220
4005561002421
3258561020846
3259426035081
3413910091414
4311501489505
5010909004509
00025942
20753542
7290000434476
0812668020180
2000000017693
5024333218142
3700754700009
3760002250618
29034895
3346041397929
3178530414134
3580280745695
3439495204148
3760253290050
3260260200542
0654479222090
3760086675017
4003467076454
4388844010017
01273601
5010035066426
0652655000814
0039047018648
3260439714108
2027329499993
3588570004453
3118082853807
3555140040678
4056114005130
5014908002665
0039047013087
7622300715229
3760135610037
3760268020017
3760023342019
0039047013094
3760134260820
8017596062826
8009004901230
29039296
3178530412574
3700621730290
5010909005575
3695200001253
3178530414080
3760028651413
3229580007835
3760058950036
3760058950012
3760058951477
5390711530015
4260201460072
3760061051638
8600043010442
23843998
8410000001013
3380790001034
0655762002054
3274643100121
25218541
3260260011148
3173990025050
3760077150349
3552085008770
